WEEK 13
CV Pharm Basic Sciences Review — 17 23664, 23863, 24229, 24275, 24453, 24454, 24470, 24475, 24476, 24478, 24945, 25056, 25109, 25426, 25776, 26711, 27601
Cardiac Pathology — 70 23151, 23154, 23156, 23157, 23187, 23188, 23189, 23190, 23196, 23197, 23206, 23207, 23208, 23209, 23254, 23289, 23298, 23305, 23306, 23308, 23309, 23311, 23313, 23345, 23352, 23353, 23354, 23355, 23413, 23681, 23748, 23836, 23838, 24051, 24059, 24125, 24158, 24689, 24696, 24990, 24991, 25318, 25340, 25341, 25374, 25442, 25454, 25719, 25860, 26043, 26046, 26051, 26059, 26060, 26061, 26065, 26134, 26140, 26145, 26161, 26231, 26366, 26381, 26382, 26524, 26641, 27386, 27758, 27760, 108268
ECG Basics — 5 23292, 25085, 25491, 25628, 26400
Infective Endocarditis, Myocarditis & Pericarditis — 30 23203, 23211, 23212, 23341, 23342, 23343, 23344, 23757, 23791, 23841, 23845, 24113, 24114, 24115, 24151, 24892, 25180, 25183, 25184, 25265, 25266, 25832, 25931, 26066, 26067, 26160, 26316, 27335, 27337, 27338
Pharmacologic Management of Hypertension — 22 23257, 23258, 23263, 23265, 23267, 23795, 23803, 23804, 23809, 24060, 24092, 24105, 24259, 24277, 24363, 24950, 25057, 25735, 26812, 26821, 27131, 108313
Vascular Pathology — 43 23150, 23153, 23294, 23307, 23369, 23555, 23556, 23557, 23559, 23560, 23562, 23563, 23565, 23568, 23570, 23571, 23573, 23574, 23575, 23576, 23577, 23585, 23586, 23870, 24025, 24026, 24914, 24959, 25052, 25244, 25591, 25612, 25661, 26052, 26389, 26519, 26520, 26529, 26530, 26532, 26650, 26886, 27484

WEEK 14
Antiarrhythmic Drugs — 30 23260, 23261, 23266, 23268, 23269, 23272, 23737, 24010, 24011, 24012, 24013, 24555, 24616, 24617, 24618, 24619, 24620, 24890, 25082, 25115, 25329, 25367, 25460, 25923, 25928, 26481, 26722, 26840, 26948, 27613
Cardiovascular Physiology Review — 63 23270, 23293, 23296, 23299, 23340, 23348, 23350, 23356, 23357, 23359, 23569, 24055, 24621, 24622, 24623, 24624, 24627, 24628, 24629, 24639, 24640, 24641, 24642, 24643, 24668, 24702, 24720, 24727, 24735, 24736, 24763, 24764, 25040, 25083, 25092, 25118, 25179, 25216, 25217, 25275, 25319, 25421, 25671, 25737, 26050, 26287, 26376, 26464, 26577, 26670, 26671, 26982, 26983, 26984, 27002, 27073, 27076, 27107, 27108, 27486, 27487, 110385, 124883
Lipid-Lowering Drugs (Dyslipidemia) — 16 23273, 23276, 23277, 23278, 23303, 23304, 23823, 23824, 23892, 23893, 23894, 24219, 25173, 25589, 25730, 27478
ECG II — Clinical Reading & Arrhythmias — 19 23198, 23200, 23204, 23205, 24626, 25086, 25164, 25332, 25686, 25787, 25922, 25924, 26417, 27119, 27121, 27504, 27612, 27620, 27622
Heart Failure Pharmacology — 16 23262, 23793, 23797, 23798, 23801, 23955, 24455, 24676, 25053, 25087, 25114, 25639, 26378, 26465, 26726, 27590
Antianginal Drugs (Ischemic Heart Disease) — 22 23152, 23249, 23250, 23251, 23252, 23253, 23255, 23256, 23935, 24063, 24064, 24193, 24307, 24937, 25233, 25722, 26068, 26228, 26526, 27168, 27177, 124880
Pediatric Cardiology — 48 23145, 23147, 23149, 23199, 23300, 23301, 23314, 23315, 23316, 23317, 23318, 23428, 23994, 24601, 24816, 24861, 24862, 24933, 24942, 24961, 25218, 25226, 25370, 26147, 26367, 27080, 27082, 27083, 27086, 27088, 27089, 27090, 27092, 27094, 27095, 27096, 27103, 27105, 27134, 27159, 27246, 27419, 27447, 27471, 27472, 27538, 27755, 130468

WEEK 15
Cardiovascular Health in Women — 7 23884, 25023, 26548, 26997, 27023, 27025, 27042
Exercise Rehabilitation & Lifestyle — 9 24700, 24733, 26200, 27110, 27112, 27113, 27115, 27116, 27236
Vascular Disease (Vascular Surgery) — 33 23302, 23406, 23473, 23526, 23527, 23561, 23564, 23566, 23807, 23921, 23922, 23944, 23990, 24191, 25239, 25299, 25300, 25590, 25718, 25725, 25771, 25804, 25827, 26054, 26186, 26187, 26190, 26203, 26260, 26509, 26761, 27214, 124885

WEEK 17
Cardiothoracic Surgery — 38 23210, 23346, 23347, 23351, 23766, 24056, 24057, 24361, 24550, 24734, 24772, 24810, 24980, 24993, 25205, 25208, 25209, 25214, 25215, 25372, 25383, 25384, 25657, 25717, 25723, 25728, 25825, 26048, 26057, 26064, 26144, 26146, 26497, 26580, 26945, 27336, 27339, 27430

NO MATCHING LECTURE
Cardio-tagged but not covered — 7 24992, 25132, 25276, 25400, 25593, 25656, 106911
